For harmoics: 100
a:
0 54.6756 -6.20822 -30.7155 27.5898 4.69475 -24.0946 17.4543 5.68712 -17.8077 2.99762 12.924 -8.02024 -7.43151 11.7178 0.226811 -9.74141 4.84084 5.51953 -6.73739 -2.19319 8.01357 -2.14806 -6.27628 5.76957 2.0145 -6.13996 2.06055 4.66685 -4.68892 -1.33831 5.21161 -1.7619 -3.80578 3.92581 1.38054 -4.35228 1.36702 3.50012 -3.33091 -1.40347 4.16793 -0.722382 -3.41874 2.6006 1.70719 -3.53983 0.496084 3.20588 -2.30635 -1.41923 3.32546 -0.562756 -2.62976 1.90715 1.61063 -2.63432 0.0425628 2.65054 -1.77103 -1.48887 2.80507 -0.166491 -2.32394 1.49475 1.42193 -2.17544 -0.229181 2.24379 -1.07859 -1.51877 2.14829 0.214828 -2.19325 1.09879 1.37323 -1.86779 -0.0614929 1.83789 -0.902768 -1.20804 1.50081 0.401095 -1.71006 0.580967 1.4967 -1.50813 -0.394022 1.68792 -0.508933 -1.32325 1.2976 0.693379 -1.60923 0.475708 1.39779 -1.31517 -0.396047 1.45139 -0.380951 
b:
0 -66.0118 -67.5113 0.172396 9.70309 -33.0706 11.3574 16.9189 -19.3492 -3.10602 11.7687 -7.30485 -10.4661 10.7198 3.56649 -11.4632 3.14918 7.61138 -6.62187 -4.67007 7.41518 0.153405 -7.37182 4.28672 3.63287 -6.50861 0.134659 5.75103 -3.35375 -3.20101 5.17596 -0.501121 -4.5822 2.99172 2.55589 -4.4102 0.0922808 4.32491 -2.34898 -2.68321 3.78753 0.21848 -3.62397 1.80732 2.68976 -3.18484 -0.592082 3.70304 -1.5272 -2.41871 2.94027 0.657033 -2.84118 1.39653 2.05407 -2.39482 -0.476491 2.8824 -0.869788 -2.17857 2.46973 0.67781 -2.65246 1.06811 1.91609 -1.89556 -0.538868 2.32126 -0.505986 -2.0314 1.69893 0.958408 -2.19408 0.551793 1.88893 -1.63512 -0.761368 2.04986 -0.380767 -1.49772 1.3575 0.832163 -1.63713 0.121204 1.74562 -1.04417 -0.948067 1.84197 -0.0461391 -1.5365 0.991802 1.01741 -1.5233 -0.0116924 1.62253 -0.881367 -0.929109 1.55529 -0.0588266 -1.19183 
c:
0 -169.428 -3.44944 10.447 -3.09426 -1.03006 5.01056 -2.00338 -3.58641 3.30386 -0.340009 -4.27012 1.38923 2.35058 -2.34518 -0.881239 2.67203 -0.50547 -2.81106 1.37942 1.59609 -2.05661 0.0823283 1.79008 -0.950488 -1.71222 1.40839 0.402629 -1.54993 0.710882 1.40909 -1.37549 -0.614489 1.3568 -0.50285 -1.27165 1.14939 0.801365 -1.32363 0.0129163 0.929973 -0.529627 -0.823407 1.17664 -0.0294182 -1.14271 0.629283 0.846911 -1.20009 -0.0611605 1.07 -0.433588 -0.905986 0.922714 0.140341 -0.816105 0.226179 0.829207 -0.865158 -0.261789 0.926024 -0.205938 -0.874822 0.693475 0.435539 -0.81967 -0.077711 0.834297 -0.569778 -0.388177 0.790757 -0.00113553 -0.805239 0.529807 0.310125 -0.600595 -0.171218 0.835636 -0.423034 -0.476096 0.6136 0.18571 -0.732837 0.21078 0.583891 -0.56271 -0.265523 0.753795 -0.253008 -0.583014 0.546813 0.280642 -0.64837 0.0864003 0.538346 -0.396461 -0.326708 0.559328 -0.00447404 -0.556992 
d:
0 -56.6305 43.46 -1.59276 -6.14249 -0.609593 0.710577 -4.99777 4.85482 2.65651 -3.79928 -0.609098 3.63781 -2.09761 -2.14918 2.98908 1.03804 -3.46588 1.04425 1.81391 -1.51515 -0.857825 2.22445 -0.321117 -2.01881 1.22029 1.01235 -1.56053 0.384438 1.15204 -0.783589 -0.966876 1.12431 0.133272 -1.08047 0.703675 0.915706 -1.14738 -0.379644 1.2284 -0.40867 -1.07068 1.22316 0.508524 -1.37165 0.153433 1.04787 -0.790331 -0.633287 1.31301 -0.105643 -0.842465 0.526561 0.537508 -1.15099 0.03929 0.916005 -0.362508 -0.581408 1.01649 0.0540147 -1.04133 0.279622 0.660753 -0.793213 0.00386206 1.01059 -0.392856 -0.832612 0.770587 0.231589 -0.961934 0.272573 0.913202 -0.67233 -0.259376 0.688185 -0.238386 -0.630966 0.474168 0.428498 -0.694302 0.145244 0.727017 -0.642131 -0.361854 0.621277 0.0651854 -0.615941 0.332718 0.487759 -0.61434 -0.106642 0.694656 -0.399137 -0.44517 0.609906 0.168471 -0.706949 0.311739 
------
