For harmoics: 50
a:
0 -67.8138 27.4196 -18.2652 -19.2304 16.3021 -4.77559 -6.49767 9.60925 -3.76804 -0.924852 7.7731 -5.16466 0.911157 4.27039 -6.10066 1.55299 3.92971 -5.11881 1.17884 2.79207 -3.7066 2.14156 1.42663 -3.81237 2.24332 0.353542 -2.97094 2.56211 -0.575918 -2.50853 2.96024 -1.03786 -1.86194 2.73802 -1.57761 -1.50844 2.52258 -1.67472 -0.747188 2.3181 -1.67623 -0.040905 2.03261 -1.78914 0.110199 1.18539 -1.79181 0.638599 0.713627 
b:
0 -34.96 -3.843 26.9659 -18.7881 -3.71351 14.1515 -9.00542 0.961032 6.46767 -8.5641 3.62519 3.21674 -5.50749 4.56725 2.28246 -5.89575 4.82868 1.76505 -4.69426 2.92861 -0.247315 -3.68747 3.16899 -0.902961 -2.41636 3.06377 -1.02081 -0.902496 3.35389 -1.74104 -0.58185 2.51937 -2.4105 -0.150595 1.96781 -2.57642 0.233857 1.61373 -2.17663 1.06392 1.23717 -2.06485 1.08982 0.916132 -2.00523 1.19241 0.0823266 -1.72995 1.57354 
c:
0 13.1045 -16.6288 0.133672 10.6171 6.07755 0.985141 -1.1381 -0.938338 0.409657 -3.57835 -3.61122 -1.80777 -7.16048 -2.84622 1.64744 -3.66734 -1.05553 1.43313 -2.51977 -0.607214 0.675192 -2.97074 -3.66722 -2.41889 -3.92638 -2.48031 -1.80232 -2.13411 -1.11659 -0.86865 -0.289977 0.813711 -0.595926 -1.43044 -0.320349 -1.57848 -0.789419 0.118498 -1.98717 -1.01752 -0.430499 -1.15143 0.309676 -0.331428 -1.39375 0.021748 -0.508193 -1.01366 0.792411 
d:
0 46.7136 6.18332 4.44761 13.5078 -5.15412 -8.26793 0.759709 -1.77607 -1.48687 4.4282 2.3712 1.55443 6.66391 6.1085 4.10188 3.14879 2.2942 2.43072 1.49435 1.82793 1.68151 -0.37591 -0.167338 3.51597 1.26627 1.09952 3.05169 0.645764 1.15429 3.11792 1.23108 0.796165 1.91201 0.593537 1.26745 2.32328 0.381703 1.23057 1.29846 0.216483 1.90986 2.14574 0.721873 1.74613 1.93851 0.906185 2.06826 1.56949 0.301582 
------
